1719502555
1719501942
1719504767
1719585129
1719586803
1719586366
1719581530
1719580902
1719582635
1719579589
1719594926
1719576009
1719576042
1719580028
1719585706
1719585655
1719584597
1719579625
1719585781
1719585424

1719585212

1719584746
1719583308

1719665513

1719665817
1719666834
1719666249

1719666153
1719672517
1719679819

1719844994
1719835210
1719838985
1719853888
1719854148
1719853916
1719849016
1719844109
1719839030
1719835224
1719840674
1719856632
1719844112
1719845240
1719853873
1719842518
1719845756
1719853882
1719845752
1719845804
1719846387
1719846390
1719849689
1719845153
1719845324
1719847336
1719841467
1719839468
1719855022
1719855158
1719931241
1719925126
1719935011
1719925358
1719925324
1719925645
1719931411
1719925763
1719922209
1719921683
1719930002
1719935138
1719921470
1719934106
1719926921
1719933874
1719929245
1719928878
1719925235
1719929978
1719930411
1719930376
1719930482
1719930468
1719930463
1719930331
1719934621
1719932365
1719931966
1719931011
1719932791
1719930174
1719922012
1719933440
1720019109
1720019132
1720023149
1720008190
1720008195
1720017464

1720019354
1720017365
1720018920
1720016347
1720013847
1720018996
1720018983
1720019333
1720016365
1720019351
1720018789
1720026616
1720018730

1720018659
1720019328
1720018241
1720019494

1720017876
1720098112
1720099334
1720108344
1720098875
1720110765
1720105228
1720105403
1720108770

1720095231
1720107421
1720091291
1720104923
1720104924
1720114653
1720108798
1720106773
1720107078
1720112493
1720106851
1720106840
1720106733


1720108938
1720106698
1720106119
1720107330
1720106632
1720106694
1720188370

1720184791
1720180968
1720191711
1720182592
1720184036
1720188979
1720191805
1720193487
1720191552
1720191424
1720192978
1720193800

1720212649

1720191977
1720193376
1720192309
1720198582
1720192357
1720191925
1720197456
1720195179

1720278079
1720271561
1720293348
1720271587
1720270461
1720269619
1720270177
1720271150
1720280189
1720270086
1720270443
1720271171
1720272336
1720272338
1720451050
1720455228
1720443919
1720447771
1720440212
1720443654
1720443661
1720453199
1720453214
1720445402
1720443660
1720450026
1720451974
1720444073

1720450192
1720444077

1720450650
1720451792
1720450914
1720446438
1720446471
1720450912
1720450706
1720450706
1720451627
1720454949
1720452742
1720453545
1720443626

1720539646
1720529968
1720529923
1720529868
1720526562
1720530320
1720531393
1720531293
1720531317
1720539138
1720536730

1720535451
1720539145
1720537177
1720533145
1720537184
1720538169
1720537662
1720537231
1720538255
1720538376
1720538206
1720538029
1720537255
1720537253
1720536882

1720530218
1720533543
1720536793
1720530823

1720537135
1720530310
1720571370
1720609795
1720610102
1720610142
1720613385
1720615417
1720615817
1720616115
1720616409
1720616501
1720618088
1720618888
1720620051
1720620230
1720621033
1720621181
1720621194
1720622249
1720622683
1720623288
1720623321
1720623407
1720623439
1720623442
1720623446
1720623452
1720623474
1720623551
1720623554
1720623588
1720623609
1720623616
1720623694
1720624316
1720624702
1720625597
1720709895
1720710929
1720693690
1720699241
1720699281
1720699445
1720702832
1720702874
1720702889
1720702989
1720703013
1720703084
1720704600
1720706491
1720706624
1720706625
1720708473
1720709414
1720709942
1720709972
1720709989
1720710018
1720710020
1720710077
1720710080
1720710302
1720710354
1720710364
1720710379
1720710526
1720710779
1720710795
1720710821
1720712070
1720712592
1720777279
1720784222
1720785404
1720785624
1720785656
1720788692
1720788941
1720789212
1720790221
1720790862
1720791395
1720791996
1720792528
1720792710
1720792803
1720793047
1720793414
1720794411
1720794415
1720794680
1720795162
1720795647
1720796155
1720796387
1720796423
1720796541
1720797177
1720797208
1720797208
1720797321
1720797636
1720798117
1720798267
1720801872
1720875201
1720875634
1720875637
1720875649
1720875662
1720875673
1720875717
1720875799
1720875813
1720875872
1720875895
1720875962
1720877393
1720877732


1721044833
1721044915
1721048437
1721048985
1721049491
1721049721
1721050008
1721050312
1721050448
1721050451
1721051380
1721051412
1721052020
1721052977
1721053264
1721054069
1721054172
1721054965
1721055380
1721055407
1721055600
1721055617
1721055619
1721055676
1721055707
1721055773
1721056215
1721056215
1721056325
1721056363
1721056384
1721056448
1721056974
1721057074
1721059867

1721131233
1721131521
1721134733
1721134810
1721134838
1721136085
1721136614
1721138448
1721138479
1721139603
1721140972
1721141216
1721141492
1721142015
1721142020
1721142026
1721142053
1721142069
1721142218
1721142301
1721142351
1721142404
1721142491
1721142871
1721143768
1721159383
1721131223
1721134805
1721141614
1721141641
1721141643
1721141695
1721141813
1721141843
1721142020
1721142022
1721142215
1721144427
1721207845
1721217647
1721217649
1721219357
1721221304
1721221346
1721221370
1721221445
1721221777
1721221896
1721222729
1721224771
1721225462
1721225849
1721226196
1721227883
1721228271
1721228272
1721228278
1721228302
1721228360
1721228362
1721228402
1721228406
1721228422
1721228422
1721228444
1721228452
1721228659
1721228719
1721229038
1721229226
1721229634
1721230012
1721230014
1721230678

1721304083
1721305929
1721307445
1721307584
1721307607
1721307663
1721308004
1721308369
1721310410
1721310412
1721311254
1721311437
1721311793
1721314060
1721314823
1721314824
1721314825
1721314837
1721315149
1721316678
1721317094
1721317374
1721317380
1721317443
1721317509
1721317523
1721317539
1721317785
1721318092
1721318986
1721319474
1721319583
1721319611
1721319843
1721335146
1721386968
1721390420
1721390445
1721391135
1721394024
1721394038
1721394437
1721394472
1721394518
1721394765
1721394793
1721395001
1721395162
1721395550
1721396004
1721397604
1721397605
1721399035
1721399803
1721399814
1721399854
1721400160
1721400182
1721400499
1721400792
1721401022
1721401218
1721401226
1721401229
1721401241
1721401400
1721401932
1721402370
1721402383
1721405307
1721479855
1721479880
1721479981
1721480259
1721480377
1721480379
1721480385
1721480430
1721480485
1721480502
1721481926
1721481927
1721483313
1721649720
1721653300
1721653864
1721653872
1721654468
1721656031
1721658032
1721659080
1721660589
1721660652
1721660896
1721661253
1721661288

1721649609
1721649731
1721653270
1721653834
1721655435
1721656026
1721659564
1721659586
1721659738
1721660182
1721660271
1721660298
1721660420
1721660427
1721660427
1721660444
1721660482
1721660499
1721661866
1721662019