1721638244



1721914071


1720860185
1721816993


1721817354

1721817763

1721818217

1721906721


1721821060


1721823152





1721914024


1721829916

1721896050

1721824541




1721825669
1721825705

1721826568



1721827232


1721827759






1721889921



1721830844




1721889261
1721903034
1721911408



1720707695

1720776737
1720705699


1720706666


1721817643
1720707245
1720777009




1720708999

1720861445
1721205733
1721898976
1721899062
1721899125






1720709975

1721830137



1720776603
1720788802


1721888833
1721893166

1720766244

1720766518





1720765490

1720766030

1720766109

1720766141
1720766353

1720766577

1721892892
1720766853

1721898899
1720767267


1720767119























1721638310
1721818055
1720771894

1721638387
1720771839


1721891378


1721891658




1721893692



1721898365
1720773017

















1721895433



1721895983
1721896050

1721896198









1720772855





1720773849
1721041428
1721817895
1721809805


1721898783
1721898811


1720772268
1720772300
1720772515



1720772990

1720773151
1720773283
1720773315
1721040889
1720773734
1720773814


1721038137
1721128472
1721898915
1720774172

1721040449
1720774434
1720774447
1720774484

1720774582

1720774961


1720773960
1720774084
1720774194

1720774248
1720774346
1721898765
1721899037


1720774851
1720774852







1720776413

1721894616

1720792730
1720775616


1720776082
1720776328



1720776753




1720777218
1720776517


1721895863
1720791464
1721896377
1720777572
1720777618


1720777719

1721898687



1720777386
1720777468
1720777514
1720777688
1720777805




1720778449





1720779108


1721898715
1721898740



1721899321


1721899567
1721909555
1721910390






1720780244

1720780315
1721041182





1721900662
1721900700
1721900742





1721901353















1721903900
1721904201

1721904608

1721904778



1721905192



1721905702
1721905882


1721907481










1721139887


1720781305





1721897922





1721893075
1721898658
1721898831
1721899338
1721899362
1721899912


1721906890


1721907128











1721909892


1721910963



1721914302
1721823316


1721918105






1720783190
1720783243


1721916871
1721917677

1721917818

1721918708





1720783353

1720783812

1720783970









1721820281
1721045441







1720784565











1721902999
1720784943



1720785957
1720786082
1720786129
1721386101

1721903613
1720786416
1720786482
1720786512

1720787551
1720785013
1721825062

1720784883

1721898483



1720785527
1720785559



1720785660
1720785747
1720785827
1720785875
1720785914
1720786193
1720786284
1721128612

1720787714

1720793040
1721124345

1720788742




1720795382
1721900211

1721210159
1721824172
1721824052
1721899157
1721898705
1721895076
1721904471

1720787663



1720787887

1720787975

1720788143
1720788677
1720788971



1720790235



1720792938
1720792969
1721037801
1720793729
1720792868
1720795240
1721114010



1720795788
1720795494





1720855682
1720855781
1720856822

1720858469
1720859243
1720859854
1720860297
1720860912
1720863878
1721047051
1720863928
1720864083
1720864153
1720864919
1720865105
1720865357
1720865994
1720866035
1720866039
1720866541

1721900526
1720868913
1720869179
1720870578
1720863885
1721295847
1721815813
1721400555
1721822927
1721900549
1721901122
1721903906
1721906611
1720854908

1720858459
1720860314
1720862096

1720863819
1720863974
1720865709
1720868006

1721398744
1721642191








1721898752
1721899095
1721904652
1721905036
1721905423
1721914239

1721046193



1720871475
1720873676


1720874491
1721310854
1721733276
1721825204
1721734193
1721890996
1721897293


1721914394



1721025556



















1721831453







1721030336

1721917769
1721918172



1721036444
1721918030
1721896817
1721900069
1721918209






1721031550







1721112837






1721032677
1721035892
1721888582



























1721117898









1721032996





1721917801
1721638619



1721034102

1721034149
1721034264

1721034334
1721034511



1721900664
1721041749














1721035517





1721036151
1721036195






1721037152
1721901117
1721038586

1721296535
1721721459
1721898604
1721892869







1721037738









1721038495




1721642295
1721900559


1721890554
1721906542
1721039197






1721039718

1721039995
1721040167


1721040694
1721888384
1721040707

1721906892
1721913535







1721041358




1721042001


1721907769








1721042828
1721043070
1721043111



1721046204
1721892771
1721114307
1721908214
1721911224
1721917130




1721043205

1721892058


1721043786











1721046009
1721046300


1721047786
1721894309





1721910407
1721914338

1721046815



1721047572
1721893695
1721048183
1721049332

1721899828


1721049501
1721049960



1721909278

1721910690

1721910587

1721908809


1721054340
1721115432
1721116663
1721116838
1721909878
1721910062

1721051452


1721115760
1721052619
1721910609

1721053242

1721116052
1721054865
1721909004
1721055333
1721113766





1721895214
1721912278
1721912957


























1720766751
1721913463

















1721916559

1721116440
1721116412






1721893887


1721116967










1721117845





1721118599

1721916143










1721119990
1721911993


1721120921



1721891512
1721120135



1721120410




1721120825
1721120854

1721120921


1721124667





















1721122900









1721898853
1721894639

1721124798

1721124877
1721124912

1721221357
1721387472
1721907012

1721124380

1721124432
1721124474

1721124491
1721124569

1721124715

1721124977

1721125186

1721892760
1721894518





1721905965





1721376338
1721125847


1721126335
1721126627




1721127102
1721898591
1721126343


1720788118
1721213465
1721212851


1721127649


1721129114



1721129984
1721212445
1721212471
1721725309
1721643413

1721213261
1721213512
1721130015
1721134999
1721293494

1721910677

1721137322

1721212848
1721213429
1721213559
1721809436
1721907179


1721131468
1721303046




1721134189

1721900498
1721213206

1721213343




1721138570

1721212827
1721907340



1721213233





1721141062














1721212801
1721301907
1721898197














































1721202623

















1721209801









1721303880







1721205643
1721205696
1721204662








1721205291


1721205570





1721212314
1721223883
1721376678




1721206009

1721206103

1721206181
1721206259

1721379230












1721293055
1721647373






























1721375791
1721739809






1721208921



















1721314350





1721380209


1721908716
1721308755
1721210797
1721210021
1721212268

1721212683


1721294968
1721210071
1721210433


1721210744




1721211366




1721212189

1721212499
1721212569



1721212918
1721213076
1721213343

1721214955
1721215312
1721213305

1721296605
1721213700

1721214058



1721378019




1721215023














1721217286

1721218154


1721288484
1721290733
1721295474
1721313883
1721218520



1721221683
1721900186


1721906116




1721221359
1721221536
1721221585

1721222195



1721294564

1721223262






1721293749
1721294333
1721295898
1721906339
1721902914

1721227362

1721287532


1721226042



1721900692


1721226781

1721288495
1721289176



1721228359



















1720573934


1721286429




1721287003











1721288291









1721903193








1721289765
1721375613


1721289844




1721290242








1721291534




1721292048
1721903548

1721292833
1721375425



1721294111
1721294740
1721384391




1721377674
1721293074

1721379779







1721294081

1721378348








































1721295883
1721384724

1721296354



1721384532
1721400064
1721903992


1721295773

1721389614

1721296640
1721296770
1721296793




1721297259
1721297561




1721298737



1721382714


1721301235
1721301355

1721301505

1721301662


1721383827
1721905688


1721299912



1721300767
1721301222
1721301292
1721301521

















1721303686

1721905027
1721654621


1721304694





1721304018








1721304642




1721305035
















1721306260










1721307167
1721908929




1721383411






















1721309141


1721309794


1721310347
1721311800
1721385534
1721743601
1721909880
1721908810
1721908587
1721907626







1721905876
1721910064


1721370932





1721369688


1721370884



1721371688





1721372207












1721898295









1721375224




1721375485









1720513073





1721377128



1721378049




1721910518








1721379840
1721379972










1721381330



1721465247

1721909704



1720533855


1721382611







1720685905



1721638145
1721909959
1721380811


1721383750




1721384687


















1720521319

1721910286



1721471790
1721891853
1721906839


1720602594
1720602645
1720684139













1721390630

1721390818



1721393034
1721905062



1721396662

1721466698
1721910678
1720614466
1721466971
1721911371
1720533806
1721908670
1721223686
1721397928



1720534238

1720617079
1720598093
1720600007
1720621645
1720685546

1721040650
1721219026




1720533460
1720534774
1720597922
1720597239




1721466957

1721468899
1721468923

1721470408

1721471641

1721474843
1721475599
1720686875
1721633500
1721634121
1721637781
1721637888
1721637265
1721289923
1721637628


1721462774
1721463441
1721464757

1721465388
1721465467
1721468571

1720532846

1721470906
1721472310
1721472653
1721476202
1720686048
1720679504

1720864199

















1721733460
1720693016
1720622430

1721909170
1721124223


















1721633892


1721634376
1721715155

1721636689


1721634741










1721636289





1721642509
1720688937
1720601131
1720680858
1720680712


1721642474
1720692948
1720703323






1721637199






1721642651
1720594699

1721637354


1721643026




1721638401
1721638409

1720688732

1721900220




1721642440
1720687001
1721638913

1720533571
1721465617





1721639326



1721639668
1721642529
1720602302
1720686578
1720689855
1720685749
1720689102


1720776950



1721649115
1720684013





1721641006
1721641185

1721463585








1721642239


1721642326
1721642743

1721643186



1721643577



1721642686


1721643013


1721643381

1721643606






1721825751
1720693120





1720773737







1721645144
1720533128

1721898144
1721648360








1721645948


1721647318

1720685820


1721647914


1721651045
1721651324
1721651749
1721651859
1720613188

1721652318
1721902816

1721904995
1721905388

1720771754

1721647766
1721647915



1721899532
1721648850


1721649185








1721650951
1720532912
1721651177

1720598439


1721737028
1721653899
1721817441
1721901348
1721906623
1721907706

1721908128
1721911874
1720535338
1720692727
1720692907


1721655104




1721657422






1721723593
1721736414
1721906229






1721715154
1721715818


1721716414

1721716681
1721716831




1721717347
1721717481



1721717866
1721722710
1721812920
1720680812




1721719735
1721719815
1721821111
1720621878





1721718557




1721719416
1721719523


1721719655
1721719832




1721722531
1721888223
1721888600
1721124636



1720775690
1721638613












1721898788
1720690649

1721464975
1721722184


1721723666
1721894842
1721725141
1721726566









1721898877
1721723450
1721726671
1721723583
1721723622
1721725998
1721725468
1721723901
1721725370
1721726421
1721725036



1721727642




1721728493



1721724394



1721724676


1721725361




1721726220


1721727218

1721897906

1721727957
1721727965
1721728319
1721728619



1721892305

1721732631


1721907662
1721906155



1721907730


1721898381



1721732513


1721732754
1721732828


1721733252




1721890603
1721802267
1721898935
1721909318


1721802061
1721734010


1721734679





1721891777
1721735749

1721735819



1721736369
1721892433
1721889405






1721827430

1721738532

1720530973

1721739826





1721740324
1721802673
1721740331
1721889364
1721909354


1721746822


1721898328





1721743224

1721743327



1721740369
1721910044
1721910418




1720558114
1720573772
1721803278
1720600089




1721898257
1720686812
1721138759
1720688172
1721380053

1721804575
1721804635



1721809652
1720594646



1721808145

1720594872
1720595484
1721806541
1720595674


1720596186


1721816647
1721808638

1721810618
1721812710
1720688133




1720597111
1721638946


1720597739
1721809940
1721810067
1721810196
1720598065

1721811698
1720598696
1721818433
1720598652
1721812218
1721812666


1721818801
1721914135
1721901309
1721379807
1720688012
1721809588
1720688807
1721810472
1720598042
1720598269
1720598621

1720688887






1721813175



1721818648
1720599913
1721639391



1720601286







1720686516
1720599957




1721814939
1720600340







1720602551
1720602987
1720603032
1720604513





1720776490
1720689067
1721642480

1720621674
1720688998





1720777947
1721803791
1720685508
1720689191
1720686266
1720608665





1720689431
1720698259
1720608927
1720610336
1720621775
1720688677
1720686433






1720611915














1720773458
1720773581
1720773662








1720773247
1721387816
1720619058
1720619970
1720620111
1720620263
1720620346
1720679993
1720680059
1720680181
1720680226



1720775881
1720776007
1720776252
1721819656
1721639149
1720621812
1720621453
1720621535
1720621736
1720679244

1720687071





1720680472
1720680527
1720680594
1720680653
1720681066
1720775833
1720680296
1720681496
1721659439
1720683945









1720685764
1720685330







1720687107
1720686650
1720686725
1720686921
1720688078
1720688674







1720689243







1720692789
1720692928
1720692997
1720693077
1720693175












1720694598











1721639054

1721889097
1720698311








1720771585
1720771690
1720700651
1720703886




1720703919




















1721892171
















































































































































































































































































































































































































































































































































































































































































1721385398




























































































































1721296479




































































1721289404









































































































































































































1721125630













































































































































































































































































1720776332



































































































1721042574






























































































































1720793919


















































1721734328



























































































1721631357











































































1721735660
























1721213388








































1721381997
1721394438
1721465312
1721467564
1721734476
















1721907789











1721384306





1721373294
1721377773
1721380693
1721386198
1721386606
1721392766
1721396951
1721466142


















1721201984
1721735602
1721392586






1721392810
1721378780
1721635884
1721642554
1721642570
1721728119

















1720780258
1720796027
1721124023
1721129360
1721306502
1721209671
1721733605
1721802456










1720784587
1720785770
1721292108
1721034693
1720797144
1721047633
1721125121
1721115386
1721115165
1721121625
1721128016
1721128096
1721216104
1721296941
1721289020
1721306661
1721304900
1721649021

















1720777429







1720773915
1720780228
1720870048
1720791609
1720793452
1721291089
1721217185

1721034866

1721301052
1721048235
1721212980
1721031372
1721290639
1721302146
1721469955
1721464328
1720856328
1721723597





















1720772939






1721125864
1720783223
1720783373
1720785699
1720786566
1721034670
1721118881
1721137839
1721206130
1721302805
1721295129
1721291283
1721304380
1721474589
1721464103

1721648132



























1720773916






1720784226
1720786020
1720786319
1720795516

1721041053
1721035813
1721124286
1721043128
1721043088
1721297061
1721212347
1721209757
1721724081






































1720766864
1720773038
1720773869
1721728844
1720788178
1720795258
1721119845
1721035166
1721120593
1721294874
1721221294
1721643509
1721377277
1721305557
1721727268
1721725891

























1720773749










1720792930
1721040678
1721121697
1721213619
1721212399
1721226462

1721206029
1721297303
1721294330
1721295319

1721301442
1721309256

1721715550
1721733116
1721729157


















1720784834






1720785272
1721212755
1721119806
1721035477
1721120175
1721296389
1721213490
1721732935
1721467534
1721307039
1721383091
1721642524

1721646366
1721725673
1721732738




1721828403


1721829490



















1720784334







1721049713
1720781808
1720855101
1721032409
1721122871
1721122964
1721376825
1721715991
1721717425
1721722160































1720774818




1721210611


1721040688
1721119365
1721124249
1721124305
1721124821
1721217612
1721221999

1721466429
1721295689
1721381543
1721467273
1721642602
1721725569
1721730178



























1721048869






1720784103
1720784184
1720787746
1720868119
1720794784
1721042369
1721038456
1721031058
1721044467
1721055674
1721048297

1721125285

1721293279
1721223708
1721291483
1721301392
1721727380
1721385926
1721643725






















1720766642







1720795891

1721034715
1721037355

1721043473
1721043958
1721114754
1721116514
1721124325
1721300795
1721205452
1721213365
1721301106

1721461012

























1720782447






1720787074
1720784752
1720785438

1720794110
1720861343
1721039388
1721134513
1721300824
1721206940
1721291852

1721291663
1721651107
1721643335




























1720774376








1720775114
1720776775
1720858005
1721034352
1720787467
1721034645
1721038793
1721117045
1721124937
1721227280
1721133811
1721205949
1721212550
1721717140
1721378572
1721294656
1721632945
1721648027
1721900235



























1720795247
1720796606
1720795375
1720864012
1721119892
1721120648
1721639228
1721205760
1721224103

1721466546
1721385834
1721463719
1721642447
1721716429
1721649251
1721735704
























1720777910




1721467175
1721467081
1721642411










1721467406
1721631428
1721467306
1721642430
1721642462
1721642499
1721642518




1721642274
1721642322
1721642372
1721642393
1721803522



















1721637587


1721643611
1721643630



















1721636003
1721641811
1721642351







1721650375
1721651214
1721652614
1721719185











1721649286
1720865451
1721297893
1721381053
1721639109
1721639697
1721643593
1721802778


1721829201



























1721652601
1721393819
1721655445

























1720773994
1721379996
1721380075
1721641045
1721655869



1721379752
1721379918























1721379777
1721379822
1721379895





1721888424




1721888020






1721810829





1721893908
1721716604

1721740102



1721812551





1721895535

1721891174




1721888796










1721739882

1721812180








1721895978









1720785688
1721732461



1721399513
1721732005
1721732575
1721735089
1721735121
1721735490
1721736216
1721739911

















1721126946




1721656285
1721739472






1721816821









1721301536
1721736478
1721736623
1721736777
1721737037
1721737282
1721744617




















1721739774
1721744529

1721817196

1721812066















1721739510
1721739754
1721741169



1721737816
1721744197
1721745241
1721745430







1721819773











1721743894
1721744851


1721891310
1721734942

1721745572

















1721723296
1721732212




1721809476




1721892662











1721892030

1721894428

1721891893



1721717609
1721819125
1721739001









1721819309
1721897268



1721897503







1721809913




1721811672

1721818516


1721818826







1721819445




1721813530
1721745062
1721811152





1721819564







1721822894




















1721889818
1721889593

















1721824773


1721745716









1720777561
1721054419
1721732026
1721817502
1721890013
1721888964
1721888941
1721889717


